5.17757921007
5.17757921007
5.17757921007
5.17757921007
5.17757921007
5.17757921007
5.17757921007
5.17757921007
5.17757921007
5.17757921007
5.17757921007
5.17757921007
5.17757921007
5.17757921007
5.17757921007
5.17757921007
5.17757921007
5.17757921007
5.17757921007
5.17757921007
5.17757921007
5.17757921007
5.17757921007
5.17757921007
5.17757921007
5.17757921007
5.17757921007
5.17757921007
5.17757921007
5.17757921007
5.17757921007
5.17757921007
5.17757921007
5.17757921007
5.17757921007
5.17757921007
5.17757921007
5.17757921007
5.17757921007
5.17757921007
5.17757921007
5.17757921007
5.17757921007
5.17757921007
5.17757921007
5.17757921007
5.17757921007
5.17757921007
5.17757921007
5.17757921007
5.17757921007
5.17757921007
5.17757921007
5.17757921007
5.17757921007
5.17757921007
5.17757921007
5.17757921007
5.17757921007
5.17757921007
5.17757921007
5.17757921007
5.17757921007
5.17757921007
5.17757921007
5.17757921007
5.17757921007
5.17757921007
5.17757921007
5.17757921007
5.17757921007
5.17757921007
5.17757921007
5.17757921007
5.17757921007
5.17757921007
5.17757921007
5.17757921007
5.17757921007
5.17757921007
5.17757921007
5.17757921007
5.17757921007
5.17757921007
5.17757921007
5.17757921007
5.17757921007
5.17757921007
5.17757921007
5.17757921007
5.17757921007
5.17757921007
5.17757921007
5.17757921007
5.17757921007
5.17757921007
5.17757921007
5.17757921007
5.17757921007
5.17757921007
5.17757921007
5.16140950521
5.1821733941
5.33270399306
5.42891384549
5.48315429687
5.474609375
5.48941514757
5.48984592014
5.48480685764
5.52108615451
5.57861762153
5.63720269097
5.67488498264
5.72173394097
5.7523969184
5.71177408854
5.70125868056
5.73641710069
5.81692057292
5.84112087674
5.86640082465
5.73451388889
5.38299045139
5.18065212674
5.14901475694
5.27692491319
5.36505859375
5.39907986111
5.42459201389
5.43398003472
5.40256727431
5.38434678819
5.39915256076
5.43637478299
5.50752929688
5.57287000868
5.6303515625
5.67172092014
5.69614257813
5.72072048611
5.76434136285
5.80874891493
5.86039496528
5.9241937934
5.94269205729
5.96943793403
6.04206814236
6.05915147569
5.78488389757
5.35217122396
5.22412000868
5.19627604167
5.39365451389
5.46640190972
5.59394856771
5.67598958333
5.65847873264
5.63449869792
5.61237630208
5.63581922743
5.66347547743
5.72642903646
5.77548177083
5.82464518229
5.8548046875
5.87882921007
5.89319010417
5.91080729167
5.86917100694
5.90317165799
5.91875217014
5.98253689236
5.90165364583
5.59038953993
5.39023980035
5.33090820312
5.39478515625
5.55015733507
5.63380967882
5.69711480035
5.69578450521
5.64453125
5.58606011285
5.57322916667
5.60374457465
5.66106228299
5.72218424479
5.77331705729
5.79149739583
5.8436469184
5.84772460938
5.86109375
5.90554796007
5.93532226563
5.77061523438
5.50593858507
5.30986653646
5.29025390625
5.33692925347
5.53262478299
5.55779079861
5.58468532986
5.586328125
5.57524522569
5.52457790799
5.53009548611
5.57340820313
5.63410481771
5.68680447049
5.73497395833
5.78702690972
5.81579210069
5.82728624132
5.84915147569
5.90034613715
5.92315863715
5.72521918403
5.44613932292
5.28776584201
5.27266493056
5.33761610243
5.47214735243
5.54190646701
5.57198025174
5.58940429688
5.58248697917
5.551875
5.57371744792
5.62503255208
5.68454752604
5.72734157986
5.76074978299
5.78854492187
5.81428927951
5.8382172309
5.82371419271
5.81988498264
5.82288302951
5.61972330729
5.386484375
5.30424913194
5.32361328125
5.40754991319
5.5067578125
5.54641384549
5.58361762153
5.59222547743
5.56727430556
5.58081163194
5.61499565972
5.65634114583
5.72092664931
5.77318033854
5.81397243924
5.82253797743
5.78294162326
5.81728624132
5.84450412326
5.80572265625
5.60022677951
5.40328559028
5.31889322917
5.33373046875
5.48865668403
5.5677593316
5.60936957465
5.60961046007
5.58664171007
5.55360243056
5.54818033854
5.59358181424
5.65297092014
5.6758843316
5.71201388889
5.72791015625
5.74629882813
5.76736002604
5.78787109375
5.79927408854
5.65568250868
5.4162890625
5.29273871528
5.30912868924
5.36906032986
5.41903211806
5.46816623264
5.49528862847
5.49871202257
5.48972873264
5.48554578993
5.49416666667
5.53490993924
5.60216796875
5.63796983507
5.66680555556
5.68721788194
5.68463541667
5.69755967882
5.73875434028
5.78020507812
5.69568576389
5.44827907986
5.28263780382
5.25524522569
5.30254340278
5.42670355903
5.43338324653
5.48412000868
5.49856119792
5.50931857639
5.51226888021
5.5234516059
5.54457573785
5.58387044271
5.62174479167
5.64933919271
5.68160698785
5.71084635417
5.7234233941
5.73979383681
5.75444010417
5.77999348958
5.72439344618
5.74377387153
5.77424913194
5.63635091146
5.3636078559
5.24042860243
5.24867078993
5.28654079861
5.3568999566
5.40049587674
5.42949761285
5.45042426215
5.4660297309
5.47548719618
5.4866937934
5.51429578993
5.56619900174
5.62576171875
5.64797526042
5.67349283854
5.69363606771
5.71424587674
5.73760959201
5.75945095486
5.78765733507
5.81218207465
5.77183051215
5.80708767361
5.85610134549
5.89607747396
5.80891601562
5.52671549479
5.32315863715
5.28368272569
5.33939778646
5.39660481771
5.47482855903
5.51442491319
5.54781901042
5.54945203993
5.55544487847
5.56794813368
5.5876953125
5.62931423611
5.6717328559
5.71433268229
5.76304253472
5.81457573785
5.78081705729
5.73421875
5.81521375868
5.87199001736
5.8886859809
5.92228841146
5.9653765191
5.93706814236
5.92153971354
5.91945746528
5.66465169271
5.42112196181
5.36370117188
5.39174479167
5.57128580729
5.62006293403
5.66150390625
5.68428819444
5.65753472222
5.6275531684
5.63144965278
5.65309461806
5.69426432292
5.74265516493
5.77077039931
5.79775824653
5.82577799479
5.84580078125
5.87139539931
5.90890516493
5.90980685764
5.92368489583
5.95255642361
6.01184787326
5.94567057292
5.70366753472
5.50498914931
5.34131510417
5.33837673611
5.39423611111
5.51750434028
5.63256184896
5.66288411458
5.65702582465
5.64591037326
5.63339301215
5.63713107639
5.67947699653
5.74312608507
5.79280707465
5.82362304687
5.84772786458
5.87687608507
5.89740885417
5.91735134549
5.93990559896
5.95638346354
5.91782335069
5.95694552951
6.02128472222
5.90646918403
5.52020182292
5.2637250434
5.25276150174
5.32072374132
5.49273003472
5.5258734809
5.55096896701
5.57087022569
5.58203776042
5.56075846354
5.55882161458
5.59330078125
5.63730902778
5.69239583333
5.73507595486
5.75690646701
5.78910481771
5.80130208333
5.81635199653
5.83787000868
5.85740451389
5.88034179687
5.90711154514
5.94575195312
5.94731445312
5.73348524306
5.45915256076
5.31546440972
5.29545789931
5.3782953559
5.47343641493
5.55479926215
5.56636284722
5.58177083333
5.56765082465
5.55803927951
5.56596788194
5.58989583333
5.63319878472
5.68836588542
5.72091471354
5.74845811632
5.77072374132
5.78289279514
5.78233723958
5.79275065104
5.81662868924
5.84716905382
5.87766493056
5.90107747396
5.72816623264
5.40566080729
5.24684570313
5.26675564236
5.44741644965
5.50282335069
5.60657118056
5.67732638889
5.69185221354
5.66168077257
5.64530273438
5.63990342882
5.65744249132
5.69498372396
5.71972547743
5.76028428819
5.79317382812
5.80693467882
5.79330295139
5.7936078559
5.80579101563
5.82013780382
5.82183919271
5.67831597222
5.47897243924
5.38451388889
5.39998372396
5.47703667535
5.557734375
5.63568359375
5.68655381944
5.67478841146
5.64684461806
5.63710177951
5.6344390191
5.66238823785
5.69683702257
5.7354155816
5.78760633681
5.79721896701
5.79961588542
5.81725260417
5.82632486979
5.85534396701
5.87302842882
5.81176866319
5.57719184028
5.40157118056
5.33024631076
5.37372829861
5.44817491319
5.6095171441
5.62262695312
5.62014431424
5.62445746528
5.60321614583
5.60077690972
5.61095594618
5.63964952257
5.6798828125
5.72052734375
5.75331271701
5.76269748264
5.76923502604
5.78796766493
5.80877278646
5.84300238715
5.87890516493
5.80133463542
5.48785481771
5.35952690972
5.36686848958
5.42446831597
5.55935221354
5.60755642361
5.63408528646
5.63030924479
5.6410015191
5.63593858507
5.6491937934
5.68344292535
5.71589301215
5.74661783854
5.78337782118
5.81448350694
5.8450141059
5.87088758681
5.90018663194
5.88713324653
5.93547309028
5.92462999132
5.72039930556
5.53075303819
5.46041015625
5.47836480035
5.54262152778
5.59483506944
5.65504231771
5.69896484375
5.67313802083
5.65252387153
5.63591796875
5.65534613715
5.71160915799
5.76883355035
5.81117078993
5.83687608507
5.84446397569
5.86496202257
5.87588541667
5.90838758681
5.97329861111
5.87842013889
5.65269965278
5.53784722222
5.52375868056
5.56956488715
5.67374131944
5.75005208333
5.78376085069
5.77733289931
5.75633463542
5.73025065104
5.73334418403
5.77658203125
5.83731336806
5.87736328125
5.91369249132
5.96961046007
5.98576605903
6.0019140625
6.02109700521
6.05357313368
5.91515625
5.60438693576
5.53696397569
5.52748046875
5.61288194444
5.69028537326
5.74592881944
5.76633138021
5.74310980903
5.72083224826
5.74282118056
5.77897894965
5.82939019097
5.88038194444
5.9211328125
5.95289930556
5.96585828993
5.98444552951
6.00212456597
6.04604275174
6.08809461806
5.91006293403
5.67471896701
5.571953125
5.58251627604
5.65200954861
5.71751844618
5.76919704861
5.79138454861
5.79870768229
5.80429144965
5.81526150174
5.8227484809
5.86184570312
5.92079101563
5.96074544271
6.01573025174
6.05453342014
6.07597547743
6.10244574653
6.1333452691
6.04757378472
5.74746419271
5.57287868924
5.53182942708
5.55589192708
5.62231445313
5.75563151042
5.76911349826
5.78564778646
5.79171440972
5.78063368056
5.80542100694
5.86069878472
5.93944986979
6.04130208333
6.05708658854
6.0725
6.09529513889
6.11597981771
6.1359765625
6.13538519965
5.94897569444
5.68083224826
5.6022797309
5.61946397569
5.69534288194
5.74424153646
5.79063259549
5.85824327257
5.87919921875
5.87351996528
5.88629014757
5.91073784722
5.93918945313
5.99589735243
6.05413519965
6.09359049479
6.11341796875
6.12927625868
6.17101236979
6.22102756076
6.21172526042
5.97529730903
5.6154155816
5.56642252604
5.6020703125
5.64862196181
5.73106445313
5.80491861979
5.84232421875
5.89110351562
5.90746202257
5.91281684028
5.94968098958
6.01452690972
6.08968207465
6.1302875434
6.17369900174
6.20383138021
6.1751703559
6.15198242187
6.18373372396
6.24247178819
6.15817165799
5.84446397569
5.66471571181
5.64476888021
5.69912217882
5.72281901042
5.74984917535
5.82266059028
5.90302300347
5.93106011285
5.94877929687
5.98886610243
6.01302734375
6.08052300347
6.13409396701
6.19643337674
6.21781684028
6.25323133681
6.30091905382
6.28192382813
6.32836371528
6.37796766493
6.41487304688
6.16606662326
5.85243164063
5.76905815972
5.79568142361
5.84828125
5.88717447917
5.96762586806
6.02115342882
6.07378797743
6.09099609375
6.09664822049
6.11911024306
6.20130533854
6.29699001736
6.37155598958
6.41200954861
6.45856770833
6.50571506076
6.56551106771
6.56047092014
6.57271375868
6.57667643229
6.28574761285
5.95149631076
5.83889973958
5.86498155382
5.93003689236
5.96730251736
6.04527018229
6.16719509549
6.22498914931
6.23534396701
6.23315429688
6.26580403646
6.31472222222
6.39257921007
6.48452473958
6.5376421441
6.56225911458
6.61507486979
6.64173936632
6.71208116319
6.79488172743
6.79929036458
6.51243489583
6.09931966146
5.98908203125
6.02883246528
6.13189561632
6.17104166667
6.22851236979
6.34196506076
6.41650065104
6.42706163194
6.42685438368
6.45290147569
6.51078559028
6.59226236979
6.65467447917
6.72290256076
6.77574978299
6.82281901042
6.86305555556
6.94116210937
7.01408528646
6.8999609375
6.50367621528
6.07296115451
6.03618489583
6.10903211806
6.25533528646
6.30665364583
6.39620225694
6.53011827257
6.57753146701
6.59964952257
6.60831814236
6.64530598958
6.76744466146
6.82034613715
6.88629340278
6.94674045139
7.00941297743
7.05305881076
7.1016547309
7.11861545139
7.14576822917
6.86416015625
6.44577907986
6.31586371528
6.34312717014
6.41144748264
6.46316080729
6.5756640625
6.70533094618
6.76540690104
6.778203125
6.78375976562
6.81103298611
6.85043619792
6.92244900174
7.04134657118
7.09120659722
7.15095920139
7.19241319444
7.23378472222
7.28253038194
7.29133029514
6.96026367188
6.49985026042
6.24334309896
6.34509982639
6.47382052951
6.55612630208
6.66372287326
6.82808268229
6.87954861111
6.89877170139
6.89143663194
6.89393446181
6.91058702257
6.98781792535
7.0471625434
7.08611762153
7.13849826389
7.20727647569
7.25821506076
7.1183452691
6.71258897569
6.34793402778
6.298515625
6.3784125434
6.59831488715
6.65263020833
6.72332248264
6.78628797743
6.80429036458
6.81016167535
6.86383029514
6.92370008681
7.00033203125
7.06921115451
7.14480902778
7.22026258681
7.29090603299
7.31947591146
7.06912977431
6.48607855903
6.30032986111
6.32099826389
6.41490234375
6.62520616319
6.75979600694
6.84622829861
6.87664822049
6.87627170139
6.87347547743
6.90341579861
6.98195095486
7.08949327257
7.18020290799
7.25721896701
7.31417209201
7.36483181424
7.33139648437
7.31337456597
6.88160590278
6.38241319444
6.20270073785
6.29992838542
6.46981228299
6.71438476563
6.80148003472
6.86860894097
6.87687282986
6.86200086806
6.86861002604
6.94007486979
7.04298611111
7.17219618056
7.28153320312
7.35190755208
7.36670681424
7.37750217014
7.4491156684
7.49093315972
7.55629014757
7.45081705729
7.05861219618
6.50979492187
6.36195203993
6.46522894965
6.64422743056
6.94579861111
7.07856119792
7.15956271701
7.19058051215
7.17634114583
7.19919813368
7.28515950521
7.38581922743
7.48930230035
7.46917643229
7.56047092014
7.61623046875
7.68459635417
7.71108506944
7.75180881076
7.81704210069
7.91530273437
7.99550238715
8.1313140191
8.17416124132
8.01265082465
7.47726779514
7.09873480903
6.99007595486
7.10994791667
7.27699110243
7.47865993924
7.61616319444
7.64699001736
7.66914171007
7.67939453125
7.69648980035
7.77622395833
7.91746527778
8.046171875
8.10850911458
8.23924804687
8.33291883681
8.41262478299
8.49219509549
8.47392686632
8.53142469618
8.64130642361
8.70154405382
8.79345920139
8.8920171441
8.92088107639
8.55597873264
7.93378146701
7.56541992188
7.5049359809
7.64611436632
7.99161241319
8.19012803819
8.27728624132
8.31260525174
8.31826171875
8.30183485243
8.31904405382
8.38244140625
8.50399956597
8.61488606771
8.68254774306
8.74163736979
8.84984157986
9.03706814236
8.96034939236
8.99053059896
9.02182400174
9.08412977431
9.15940538194
9.15245659722
8.75136935764
8.12244466146
7.80432508681
7.79964626736
8.01094618056
8.20961588542
8.3641547309
8.44914822049
8.44578125
8.36041992188
8.29553493924
8.29375651042
8.32935546875
8.40915039062
8.48480143229
8.55034505208
8.61602322049
8.65854166667
8.69129231771
8.7886968316
8.83877821181
8.88227322049
8.93168619792
8.80804796007
8.350234375
7.77683702257
7.54487087674
7.51214735243
7.76298828125
7.96439670139
8.12733506944
8.16183702257
8.06312608507
7.88456597222
7.83109917535
7.82983723958
7.86748155382
7.97466796875
8.10089626736
8.17422417535
8.24902560764
8.29663302951
8.32330946181
8.36827690972
8.42960611979
8.34663845486
7.77606119792
7.28834852431
7.1113812934
7.13233398437
7.37444769965
7.59032769097
7.86371202257
7.99509982639
7.91271050347
7.72955837674
7.5981391059
7.58304796007
7.64545572917
7.7404546441
7.8080609809
7.89688585069
7.98730685764
8.03943576389
8.11794053819
8.16424479167
7.96996310764
7.40020182292
7.08982313368
7.0196343316
7.07224826389
7.27722439236
7.47325086806
7.65451171875
7.69776258681
7.59418619792
7.40806532118
7.36124565972
7.37005750868
7.45251953125
7.62922526042
7.73132378472
7.79809461806
7.91135199653
7.93106553819
7.73964409722
7.292109375
6.8818359375
6.69735243056
6.77695203993
7.06468967014
7.29003472222
7.45592013889
7.51181749132
7.43480360243
7.31328667535
7.27202148437
7.280234375
7.35585286458
7.45057942708
7.53918294271
7.62297309028
7.69860677083
7.7591655816
7.68443793403
7.20104492188
6.74074001736
6.61514865451
6.67854383681
6.97295355903
7.16039930556
7.25961588542
7.29979600694
7.27608072917
7.17663845486
7.14933919271
7.17064887153
7.23569444444
7.32288085938
7.3953266059
7.45272460938
7.50541449653
7.55401041667
7.59946180556
7.34796657986
6.89814561632
6.52380750868
6.49619032118
6.69668619792
6.96411024306
7.16351345486
7.21259548611
7.18301866319
7.0888031684
7.03720052083
7.04646809896
7.12801432292
7.21084092882
7.27439778646
7.32159071181
7.33967013889
7.36157552083
7.40094835069
7.46364257812
7.31929904514
6.89583875868
6.49684353299
6.40494466146
6.63944444444
6.75732204861
6.92421006944
7.00270182292
6.99167100694
6.91737521701
6.86222005208
6.86822482639
6.91937825521
7.01307508681
7.10294270833
7.15624891493
7.18953125
7.20999131944
7.22727213542
7.2493608941
7.27490885417
7.27108506944
6.96602864583
6.50731228299
6.38911892361
6.46913845486
6.76073676215
6.9568891059
7.1063812934
7.14084635417
7.07401801215
6.98076388889
6.94992296007
6.99222113715
7.09650499132
7.16893229167
7.24727322049
7.29212890625
7.31179036458
7.32566840278
7.23481445312
7.27276801215
7.31039171007
7.25807400174
6.8388530816
6.46718424479
6.41220594618
6.52390299479
6.83912000868
7.03191189236
7.09753363715
7.07873263889
6.95213758681
6.88942165799
6.89409830729
6.97218641493
7.08136501736
7.17113606771
7.22668077257
7.27141276042
7.29401041667
7.31115451389
7.32915798611
7.31166775174
7.21155815972
6.78282226563
6.48832465278
6.43564127604
6.54840169271
6.77160373264
6.9734516059
7.03630533854
7.01321506076
6.93889322917
6.87296875
6.88342447917
6.97343532986
7.08304904514
7.18292100694
7.22182400174
7.23933268229
7.25601671007
7.27390842014
7.2888530816
7.32082356771
7.34242078993
7.08008246528
6.50205729167
6.34119900174
6.37128797743
6.64627387153
6.76504014757
6.80547743056
6.84189453125
6.81143337674
6.76418945313
6.75640625
6.79914171007
6.88537217882
6.97573459201
7.04231553819
7.09307942708
7.14254231771
7.17576280382
7.20326605903
7.2368999566
7.25992078993
7.28710720486
7.35122829861
7.31861979167
6.86370442708
6.40589952257
6.36250434028
6.42158094618
6.6352983941
6.73671223958
6.80022243924
6.8296875
6.81335177951
6.78580729167
6.82761067708
6.90087022569
6.99859809028
7.06433376736
7.12323893229
7.16616644965
7.19484375
7.21073350694
7.22676974826
7.24502712674
7.26841362847
7.30515407986
7.34120008681
7.38775607639
7.46221462674
7.45705512153
7.05586046007
6.44864583333
6.32694769965
6.42498914931
6.67922634549
6.78265082465
6.84956380208
6.87675455729
6.85104817708
6.80114366319
6.80007703993
6.84401041667
6.95555447049
7.06218207465
7.10267686632
7.13789930556
7.15150824653
7.17009006076
7.19033637153
7.2110015191
7.23291775174
7.26253580729
7.28206597222
7.32453450521
7.4312358941
7.40359375
7.00096462674
6.5488812934
6.43458116319
6.51361979167
6.75252712674
6.94834201389
7.00903862847
7.02334092882
6.9721484375
6.90318033854
6.89541666667
6.94212239583
7.04631184896
7.12184787326
7.16165690104
7.19879340278
7.21336914063
7.24353407118
7.26516927083
7.28200737847
7.30883572049
7.35504882812
7.27297634549
6.90860351562
6.49408637153
6.37663411458
6.46995334201
6.69380642361
6.781796875
6.88827256944
6.92018337674
6.90665256076
6.85726779514
6.85363606771
6.90801106771
6.99177951389
7.0681499566
7.12589409722
7.15236436632
7.17419813368
7.20814127604
7.21956163194
7.22221028646
7.2412641059
7.26758246528
7.31078884549
7.15649414063
6.66059570313
6.21030056424
6.22496527778
6.38265082465
6.61338324653
6.62740885417
6.68339192708
6.70517795139
6.67866753472
6.66296983507
6.67471788194
6.70961154514
6.78704752604
6.89856228299
6.93906141493
6.96392686632
6.98106987847
6.99240017361
7.01421115451
7.03399305556
7.06823676215
7.11646918403
7.17504448785
7.15439887153
6.74530056424
6.39703233507
6.35912000868
6.43488606771
6.61808051215
6.69865668403
6.8140234375
6.82991970486
6.82045030382
6.78757052951
6.79155815972
6.85679470486
6.94103190104
6.99808702257
7.05297743056
7.10661241319
7.13731770833
7.15876085069
7.18211805556
7.19115342882
7.11428493924
7.20434570312
7.21909939236
7.25797200521
7.32862630208
7.33150607639
6.986953125
6.56184570312
6.40445746528
6.46396592882
6.6257562934
6.81413953993
6.88938259549
6.92779296875
6.91234157986
6.87602539063
6.85764648437
6.88857096354
6.96539605035
7.03152126736
7.08222439236
7.14098632812
7.17376844618
7.20263888889
7.22381184896
7.16563368056
7.15075954861
7.15585611979
7.21779079861
7.28724826389
7.14857638889
6.78113064236
6.48705512153
6.46205186632
6.57677625868
6.73882703993
6.83929470486
6.89622178819
6.89560329861
6.85988606771
6.81970486111
6.83374565972
6.89171332465
6.93199869792
7.00006076389
7.05146592882
7.11256835937
7.12865451389
7.14109592014
7.14515407986
7.16197157118
7.19034722222
7.1909125434
6.94484809028
6.56945529514
6.42088216146
6.44143988715
6.58425130208
6.82828667535
6.81659939236
6.88697374132
6.88490885417
6.83967447917
6.82832356771
6.86676974826
6.92611762153
6.98999782986
7.0450249566
7.07043728299
7.10345269097
7.12266384549
7.12206271701
7.12999023438
7.17476453993
7.22325086806
7.16221679688
6.95248155382
6.56815321181
6.39988715278
6.39818359375
6.48746853299
6.62254448785
6.66350585937
6.72924479167
6.74157986111
6.71880533854
6.71429253472
6.74652994792
6.80698133681
6.88530924479
6.94217881944
6.99719509549
7.02508138021
7.0509233941
7.06978515625
7.06706380208
7.0793500434
7.122265625
7.18437174479
7.16982747396
6.86803059896
6.40960611979
6.32883246528
6.3909125434
6.59131618924
6.66728515625
6.78118815104
6.78661783854
6.76620334201
6.73872287326
6.75043077257
6.78870008681
6.85133355035
6.92078559028
6.96226779514
6.98174804687
6.99996527778
7.03066514757
7.04886827257
7.07903645833
7.11749782986
7.13687717014
7.06133246528
6.73890516493
6.47092230903
6.44514973958
6.53731987847
6.67657335069
6.76879231771
6.82390407986
6.82140733507
6.77242838542
6.74594401042
6.75073350694
6.8093608941
6.89684787326
6.96574435764
6.98035698785
6.99645507813
7.01022677951
7.02823784722
7.05316948785
7.08510742188
7.05686848958
6.77612955729
6.49013454861
6.41106228299
6.44462022569
6.54657443576
6.70940863715
6.78885742188
6.80150390625
6.77862521701
6.72186740451
6.73253255208
6.77218532986
6.85776475694
6.93995876736
6.98603624132
7.02164496528
7.04913194444
7.05154513889
7.06976779514
7.10314236111
7.11446940104
6.80416775174
6.39248697917
6.30726671007
6.3241796875
6.50303168403
6.58535264757
6.6199359809
6.69836263021
6.72118164063
6.73248372396
6.75343424479
6.78674479167
6.82729926215
6.89001736111
6.94665039062
6.99592881944
7.00106445313
7.00653537326
7.02096462674
7.05123806424
7.074140625
7.06642686632
6.75312282986
6.42664713542
6.36681640625
6.39509548611
6.48189453125
6.55591905382
6.63983506944
6.66749240451
6.65178927951
6.6253266059
6.6804828559
6.73412977431
6.78918294271
6.86558919271
6.88978732639
6.91224717882
6.95611328125
6.97905924479
6.99972113715
7.02621961806
7.02401909722
6.75275499132
6.41991427951
6.29087022569
6.31647135417
6.40396484375
6.46493272569
6.54446506076
6.59695746528
6.60782769097
6.58163085937
6.58488064236
6.64620768229
6.73904079861
6.82082899306
6.89296115451
6.90446289063
6.93096028646
6.97126844618
7.02748155382
7.04410807292
6.87562174479
6.5211968316
6.30307400174
6.28171332465
6.35772135417
6.41181532118
6.46127170139
6.52789388021
6.55528645833
6.55885416667
6.5486968316
6.55625868056
6.61037434896
6.71183810764
6.75601128472
6.81032552083
6.84583116319
6.88084201389
6.91300238715
6.89383572049
6.57105143229
6.26294270833
6.16235460069
6.2103125
6.29816189236
6.48010199653
6.52770290799
6.54166449653
6.55424153646
6.5382671441
6.54640190972
6.5818608941
6.64901475694
6.74133572049
6.80620768229
6.87010199653
6.90234809028
6.92749240451
6.82495659722
6.86571397569
6.90679796007
6.6946733941
6.29918294271
6.12127170139
6.14892795139
6.3056890191
6.49569010417
6.55660698785
6.58340060764
6.60037326389
6.58932291667
6.59688802083
6.62064236111
6.6988671875
6.78472981771
6.84762044271
6.89993164062
6.94780164931
7.01291341146
7.02874457465
6.96257921007
7.00385525174
7.04820203993
6.98793511285
6.60666449653
6.25671223958
6.17835828993
6.30559136285
6.43964952257
6.67378580729
6.73758029514
6.75340928819
6.71751627604
6.67136284722
6.67542317708
6.74559461806
6.86020833333
6.92525282118
6.97788519965
7.01475477431
7.03848958333
6.9901703559
6.98428168403
7.00725694444
7.02432074653
6.84157118056
6.44866102431
6.27899631076
6.32775607639
6.4908062066
6.63586697049
6.76128363715
6.80297309028
6.78642144097
6.72337565104
6.69995442708
6.73516818576
6.82500542535
6.90443250868
6.960078125
7.00069444444
7.04457248264
7.06517795139
7.09716688368
7.13697591146
7.14733072917
6.89306857639
6.37603298611
6.21818684896
6.25907226563
6.52698025174
6.66024088542
6.76656684028
6.80115993924
6.79217556424
6.76383897569
6.75668619792
6.77672634549
6.88221896701
6.95683702257
7.01076822917
7.0502593316
7.07354926215
7.09899956597
7.11728732639
7.16324652778
7.21124565972
7.13839518229
6.60505099826
6.31286675347
6.28294487847
6.39333333333
6.58811523438
6.66542534722
6.74244140625
6.7646733941
6.75456163194
6.74014431424
6.75343098958
6.81032769097
6.89162868924
6.97596462674
7.03356662326
7.06323676215
7.09559787326
7.12552083333
7.16017469618
7.18264865451
7.18065646701
7.18311631944
6.92918185764
6.51083550347
6.35662977431
6.37996853299
6.53446831597
6.76681315104
6.90879231771
6.96424587674
6.95545030382
6.90655164931
6.89708333333
6.93272786458
7.01937934028
7.10311414931
7.16382161458
7.20591362847
7.2448046875
7.27116319444
7.21132595486
7.25798611111
7.27165907118
7.3161187066
7.06034179687
6.66139431424
6.47965711806
6.53184244792
6.71473090278
6.93821940104
7.13831488715
7.15502061632
7.10171332465
7.0402983941
7.01458658854
7.01976019965
7.09294813368
7.211796875
7.2952983941
7.34576280382
7.28066623264
7.35044921875
7.38591037326
7.38125976563
7.202734375
6.82672200521
6.58349392361
6.56407552083
6.68133355035
6.82256510417
6.95533637153
7.04716037326
7.04009440104
6.9464594184
6.90090060764
6.92652452257
6.98885850694
7.05940646701
7.14569661458
7.20657335069
