5.18883407043
5.17262921637
5.19343824115
5.34429605883
5.44071504924
5.49507340684
5.48650991028
5.50134786717
5.50177957614
5.49672955989
5.53308771957
5.59074424669
5.64945666653
5.68722087079
5.73417166793
5.76490129959
5.72419016508
5.71365189903
5.74888674545
5.82956521361
5.85381812329
5.87915302397
5.7469793965
5.3946918283
5.19191366691
5.16020752479
5.28839572815
5.37672099095
5.41081621268
5.43638382298
5.4457922512
5.41431120671
5.39605111347
5.41088907037
5.4481922051
5.51950139245
5.58498413986
5.64259064529
5.68404993035
5.70852467538
5.73315601005
5.77687170849
5.82137579233
5.87313410925
5.93707162128
5.95561009612
5.98241411221
6.05520220182
6.07232267038
5.79745889794
5.363805607
5.23547603798
5.20757154462
5.40537907201
5.47828460387
5.6061085188
