3.16967990451
3.16967990451
3.16967990451
3.16967990451
3.16967990451
3.16967990451
3.16967990451
3.16967990451
3.16967990451
3.16967990451
3.16967990451
3.16967990451
3.16967990451
3.16967990451
3.16967990451
3.16967990451
3.16967990451
3.16967990451
3.16967990451
3.16967990451
3.16967990451
3.16967990451
3.16967990451
3.16967990451
3.16967990451
3.16967990451
3.16967990451
3.16967990451
3.16967990451
3.16967990451
3.16967990451
3.16967990451
3.16967990451
3.16967990451
3.16967990451
3.16967990451
3.16967990451
3.16967990451
3.16967990451
3.16967990451
3.16967990451
3.16967990451
3.16967990451
3.16967990451
3.16967990451
3.16967990451
3.16967990451
3.16967990451
3.16967990451
3.16967990451
3.16967990451
3.16967990451
3.16967990451
3.16967990451
3.16967990451
3.16967990451
3.16967990451
3.16967990451
3.16967990451
3.16967990451
3.16967990451
3.16967990451
3.16967990451
3.16967990451
3.16967990451
3.16967990451
3.16967990451
3.16967990451
3.16967990451
3.16967990451
3.16967990451
3.16967990451
3.16967990451
3.16967990451
3.16967990451
3.16967990451
3.16967990451
3.16967990451
3.16967990451
3.16967990451
3.16967990451
3.16967990451
3.16967990451
3.16967990451
3.16967990451
3.16967990451
3.16967990451
3.16967990451
3.16967990451
3.16967990451
3.16967990451
3.16967990451
3.16967990451
3.16967990451
3.16967990451
3.16967990451
3.16967990451
3.16967990451
3.16967990451
3.16967990451
3.16967990451
3.18566514757
3.18123480903
3.17240451389
3.18154079861
3.18754123264
3.19002604167
3.18416124132
3.18716037326
3.20278537326
3.20675564236
3.20820855035
3.23041015625
3.22599392361
3.24000759549
3.24560763889
3.2224609375
3.19066623264
3.15216905382
3.10795355903
3.07921006944
3.08747721354
3.07121202257
3.07465060764
3.05943684896
3.04923068576
3.04297634549
3.01718532986
3.01308919271
3.02876085069
3.02055121528
3.01778537326
3.01676323785
3.00090494792
3.00706488715
3.0104047309
3.00829101563
2.99764431424
2.99916341146
2.99145507812
2.98870442708
3.00632921007
3.00536892361
3.00886501736
3.00909722222
3.0091156684
2.99791775174
2.99070746528
2.97870225694
2.9622406684
2.95517252604
2.94116319444
2.93765407986
2.94811197917
2.94904513889
2.95943793403
2.94919270833
2.95084743924
2.94714301215
2.93966796875
2.94933376736
2.93699652778
2.93837999132
2.96695095486
2.96727539062
2.97360243056
2.96966688368
2.94745442708
2.94325520833
2.95000434028
2.95630099826
2.9708984375
2.96361979167
2.9585297309
2.96626844618
2.95717447917
2.95794596354
2.95389756944
2.95252170139
2.94941080729
2.94759440104
2.94960394965
2.9592827691
2.95589952257
2.96271918403
2.95190863715
2.95485568576
2.94162000868
2.93699978299
2.95816623264
2.96543185764
2.96843315972
2.97644748264
2.97424804687
2.98219726563
3.00137803819
2.99404513889
2.99144205729
2.98871853299
2.99321940104
3.0000531684
2.99680881076
3.00221028646
3.00564887153
3.01146267361
2.99754014757
2.99094943576
3.00345377604
2.9948578559
2.9985687934
2.99902777778
2.98486979167
2.98659071181
2.99995442708
3.00300889757
3.01684678819
3.01854600694
3.00914822049
3.01546657986
3.00545572917
3.00519422743
3.00834743924
3.01240125868
3.1144921875
3.13220052083
3.15162977431
3.14362087674
3.13494900174
3.13053819444
3.12735568576
3.12950086806
3.13970811632
3.15070203993
3.13690972222
3.14157118056
3.13641818576
3.12866427951
3.13030381944
3.13616861979
3.13281141493
3.12317057292
3.12009657118
3.11499240451
3.09651909722
3.09158854167
3.08681857639
3.09949110243
3.11386393229
3.10652126736
3.10310329861
3.10162977431
3.11028971354
3.10905598958
3.09225043403
3.09057291667
3.10003363715
3.09844184028
3.0974359809
3.10821072049
3.10566297743
3.10425998264
3.09967664931
3.10382703993
3.11885850694
3.11463867188
3.10476345486
3.09830295139
3.09516601562
3.09232855903
3.08352105035
3.08859049479
3.09040147569
3.08182400174
3.07767795139
3.08211697049
3.0811469184
3.08314778646
3.08465711806
3.09279947917
3.09436740451
3.09734592014
3.09719184028
3.09882703993
3.09644314236
3.09351345486
3.07994140625
3.07097113715
3.07843098958
3.08973090278
3.10117947049
3.10316623264
3.09658528646
3.0935015191
3.10206922743
3.0982671441
3.0818109809
3.07850911458
3.06773654514
3.0641796875
3.06120008681
3.0687109375
3.07804144965
3.07715820313
3.07973849826
3.07050021701
3.07230251736
3.0757172309
3.07784071181
3.08222981771
3.09097873264
3.10128255208
3.10857204861
3.11661675347
3.13224392361
3.14909505208
3.1872124566
3.25028862847
3.27722439236
3.27877387153
3.20543511285
3.18144422743
3.15651692708
3.13375868056
3.13638888889
3.12690104167
3.10569986979
3.08991861979
3.09301106771
3.0850531684
3.08366102431
3.07472547743
3.05814887153
3.05223632813
3.05013237847
3.04697591146
3.0529828559
3.04301757813
3.14744032118
3.15366753472
3.16098849826
3.15515733507
3.13522135417
3.12937391493
3.11792751736
3.12046766493
3.12098307292
3.12027777778
3.12054253472
3.12557400174
3.12891601563
3.13038302951
3.13237738715
3.12969835069
3.12981228299
3.12945638021
3.11056966146
3.10780924479
3.1221484375
3.12363823785
3.12159071181
3.12701605903
3.14084418403
3.13786132813
3.12602322049
3.13158203125
3.12771375868
3.12423068576
3.13671983507
3.14433376736
3.14202365451
3.14571072049
3.1438671875
3.14830946181
3.14661024306
3.14946072049
3.17046875
3.17356119792
3.18023546007
3.17948784722
3.17430664063
3.17535590278
3.16904513889
3.16784722222
3.16358832465
3.15744900174
3.16033094618
3.15594075521
3.15017578125
3.13358506944
3.10943467882
3.08778971354
3.07872612847
3.06434244792
3.05768337674
3.06118055556
3.06209852431
3.0600390625
3.04574327257
3.04471896701
3.05281792535
3.06375651042
3.06649414063
3.06811740451
3.07744140625
3.07666992188
3.07874565972
3.0812109375
3.0698578559
3.06551540799
3.08240559896
3.08860677083
3.08418945312
3.08453776042
3.08953884549
3.09199761285
3.09685221354
3.09182291667
3.07935438368
3.07209635417
3.06663519965
3.06336588542
3.04318467882
3.03249240451
3.02174587674
3.01738932292
3.01214084201
3.01048719618
3.00826822917
3.01461697049
3.01708875868
3.02822591146
3.00953993056
3.00895833333
3.01499891493
3.01039171007
3.02298068576
3.02019856771
3.01478841146
3.01633355035
3.02639648437
3.03456054687
3.04390625
3.03832573785
3.0443218316
3.05540581597
3.04606987847
3.04188259549
3.05004882813
3.04018554688
3.01136067708
3.0047265625
3.01162217882
3.0061968316
3.00390407986
3.00440104167
3.01456163194
3.02479709201
3.04494900174
3.05146158854
3.04926540799
3.0495453559
3.05095269097
3.04892252604
3.05491210938
3.05732747396
3.03670030382
3.03115885417
3.04066189236
3.0466156684
3.05700195312
3.0620562066
3.06322916667
3.06628038194
3.06366102431
3.06826931424
3.06562065972
3.06431423611
3.07294921875
3.07098524306
3.05409722222
3.04757595486
3.0453656684
3.04600260417
3.0321875
3.02631076389
3.04224283854
3.04429578993
3.02894205729
3.01699110243
3.03155598958
3.03543511285
3.0286968316
3.02841362847
3.02061740451
3.02401801215
3.02731336806
3.02527777778
3.03138997396
3.027421875
3.03275824653
3.03636827257
3.04259548611
3.03990993924
3.04182400174
3.04523654514
3.02287434896
3.01268663194
3.03160915799
3.02656032986
3.02129123264
3.01401801215
3.02174804687
3.01687282986
2.98175455729
2.96907226562
2.98083007812
2.98230034722
2.99137478299
2.99982638889
2.99067491319
2.98128689236
2.98849717882
2.98831271701
2.98082356771
2.97542643229
2.98270182292
2.98561197917
2.98410698785
2.98336480035
2.98725260417
2.99322048611
2.99852213542
3.00054578993
2.97562608507
2.96219618056
2.94739474826
2.94426215278
2.95735568576
2.95718532986
2.95814561632
2.95800564236
2.95286241319
2.94665147569
2.96473198785
2.97141818576
2.95880425347
2.95798828125
2.96830946181
2.97040364583
2.95941840278
2.95885199653
2.96041232639
2.9609233941
2.96803927951
2.97009657118
2.96793945313
2.97614908854
2.96788519965
2.96523111979
2.97550564236
2.97623806424
2.96243272569
2.96503255208
2.96573242188
2.96555230035
2.9586187066
2.95922309028
2.95899305556
2.95973307292
2.94077690972
2.94231553819
2.93892903646
2.93862847222
2.92540798611
2.92151475694
2.92581597222
2.92448025174
2.93949001736
2.93707465278
2.95498914931
2.95462022569
2.94708116319
2.94555121528
2.93802625868
2.93789930556
2.92795681424
2.92917860243
2.92133572049
2.92933810764
2.93529296875
2.93762912326
2.95134331597
2.95487304688
2.94276801215
2.92919053819
2.91957790799
2.91562174479
2.91535047743
2.91815212674
2.92543619792
2.92761610243
2.91699001736
2.91115342882
2.90342773438
2.89712239583
2.91547634549
2.91938042535
2.93354492188
2.92485894097
2.92820421007
2.92462456597
2.9189984809
2.92143663194
2.93287000868
2.93454644097
2.91956488715
2.91748914931
2.9176171875
3.02560221354
3.04144422743
3.05397243924
3.05472981771
3.05856119792
3.03951931424
3.02933376736
3.02367296007
3.02074652778
3.03330078125
3.03768554687
3.04754340278
3.05223307292
3.04475911458
3.04842230903
3.04535481771
3.04203016493
3.05448784722
3.05871961806
3.04926215278
3.05105143229
3.05864583333
3.05422743056
3.07009657118
3.07754665799
3.06496636285
3.06295030382
3.06037977431
3.06595486111
3.05710828993
3.05643880208
3.06350911458
3.06757052951
3.0796733941
3.07727864583
3.08293077257
3.08121961806
3.06146158854
3.06060546875
3.04779079861
3.04718641493
3.05379665799
3.05504123264
3.02523980035
3.02583550347
3.02563802083
3.02441514757
3.01344509549
3.01558376736
3.02770507813
3.02625217014
3.03439344618
3.03957356771
3.03461154514
3.03500868056
3.03250217014
3.03297743056
3.05065538194
3.04867621528
3.03635633681
3.03670030382
3.03913845486
3.03236762153
3.05833333333
3.05915147569
3.06222764757
3.05668294271
3.03624674479
3.03750976562
3.03828776042
3.03491753472
3.03368055556
3.03075846354
3.02412760417
3.02564778646
3.03779079861
3.04038628472
3.04622829861
3.04849609375
3.04010199653
3.03832790799
3.04412326389
3.04688368056
3.04971788194
3.05175021701
3.04650824653
3.05579752604
3.05255208333
3.04911458333
3.03073025174
3.03525065104
3.04867296007
3.05252821181
3.05832248264
3.04235677083
3.04623914931
3.04148003472
3.05149631076
3.05264973958
3.04323025174
3.04117078993
3.03404296875
3.02940104167
3.04505859375
3.04888454861
3.05624891493
3.06044487847
3.04816189236
3.04670355903
3.07013237847
3.0710297309
3.05522243924
3.05669704861
3.06989583333
3.08322048611
3.07816297743
3.07743489583
3.07588867188
3.07473958333
3.0829047309
3.08853949653
3.07926757813
3.07890407986
3.064296875
3.05837999132
3.06240125868
3.05753797743
3.04877170139
3.05401801215
3.060703125
3.06050347222
3.05678059896
3.06241319444
3.04909396701
3.04706054687
3.0609375
3.06469943576
3.06929578993
3.07261284722
3.06924153646
3.06473198785
3.08787760417
3.0906890191
3.08012152778
3.07929904514
3.08512478299
3.0827593316
3.07898654514
3.07375868056
3.06873263889
3.06423611111
3.07197916667
3.06764648438
3.06192599826
3.06633680556
3.05092447917
3.05368272569
3.06550455729
3.07177842882
3.07726671007
3.08039171007
3.08704752604
3.08675238715
3.08558268229
3.07796332465
3.07519422743
3.08023003472
3.08086371528
3.08018229167
3.08630859375
3.07882378472
3.07633246528
3.07620008681
3.07123155382
3.05176323785
3.05756727431
3.05594401042
3.05948893229
3.06239257813
3.06625868056
3.06904296875
3.05618489583
3.05269639757
3.04380099826
3.03872938368
3.04724717882
3.05474392361
3.05788845486
3.06305664063
3.06165364583
3.06248480903
3.04663411458
3.04364366319
3.06328776042
3.07029296875
3.06944227431
3.06533311632
3.06281032986
3.05978190104
3.0716156684
3.07989908854
3.08214301215
3.07276692708
3.07685438368
3.07271050347
3.08850477431
3.09611653646
3.11094075521
3.11392903646
3.10282986111
3.09948242188
3.10292534722
3.10507595486
3.10011176215
3.09919921875
3.11110243056
3.11500868056
3.09416449653
3.10831922743
3.11616970486
3.11525173611
3.12069661458
3.12606336806
3.13933159722
3.14362521701
3.13548394097
3.13176540799
3.13174153646
3.12881618924
3.11464084201
3.11335177951
3.12701388889
3.12314670139
3.12304796007
3.11365885417
3.10390842014
3.10065321181
3.09783203125
3.0938812934
3.09654730903
3.09170138889
3.06929470486
3.06836697049
3.06580295139
3.07027452257
3.07570421007
3.08172309028
3.08271375868
3.08180881076
3.0901703559
3.09985351563
3.1022406684
3.10387261285
3.11910590278
3.13102322049
3.13668077257
3.1361328125
3.15085177951
3.18173936632
3.2081890191
3.23508029514
3.24411349826
3.25383355035
3.24440972222
3.24668077257
3.26768880208
3.27600694444
3.26378580729
3.25958658854
3.25347005208
3.25029513889
3.24758897569
3.24987196181
3.26901367188
3.27887261285
3.29296766493
3.29527018229
3.29385850694
3.3014702691
3.29084743924
3.30243272569
3.31487196181
3.30881510417
3.32684353299
3.33240559896
3.33490668403
3.36742078993
3.40639431424
3.44751519097
3.45366861979
3.42220377604
3.41011610243
3.41473198785
3.37572591146
3.36340060764
3.35912326389
3.34723849826
3.34516276042
3.32610677083
3.32092447917
3.35449327257
3.36285047743
3.45938259549
3.60505967882
3.65084201389
3.66342013889
3.66354600694
3.65894422743
3.64021809896
3.63791992188
3.61953559028
3.5864594184
3.56854492188
3.54586588542
3.53420681424
3.51070421007
3.48904513889
3.48168185764
3.46447699653
3.44753472222
3.4313530816
3.41494466146
3.40390733507
3.37626953125
3.35347764757
3.45116861979
3.45227647569
3.43486653646
3.44553602431
3.44162977431
3.44398980035
3.44715060764
3.45196289063
3.46571072049
3.47674804687
3.48495876736
3.50584635417
3.51422851563
3.51165798611
3.53652018229
3.54848849826
3.55049479167
3.5738812934
3.57316080729
3.58340060764
3.60314887153
3.60856336806
3.62419596354
3.64124782986
3.64656141493
3.65794053819
3.65520182292
3.66536783854
3.68028645833
3.69279296875
3.70513671875
3.70671766493
3.71594835069
3.72521809896
3.71694661458
3.72037326389
3.73262261285
3.7272797309
3.72342122396
3.71449544271
3.70251302083
3.695859375
3.70035373264
3.69728407118
3.68987196181
3.6821234809
3.68590060764
3.69087673611
3.69501519097
3.68650499132
3.68943142361
3.68769856771
3.68639322917
3.68741861979
3.67675021701
3.66682400174
3.64826931424
3.63480577257
3.63553819444
3.6334125434
3.623046875
3.61411675347
3.60274414062
3.58577690972
3.56794487847
3.55923394097
3.56153211806
3.55345377604
3.55469618056
3.53325303819
3.52309787326
3.49999240451
3.47685872396
3.46652560764
3.45929361979
3.432890625
3.42426974826
3.41349175347
3.39505642361
3.37667317708
3.38730794271
3.36345486111
3.37250108507
3.38566297743
3.37268880208
3.37015516493
3.38967013889
3.39388237847
3.39074544271
3.39446289062
3.38901584201
3.39892252604
3.38934787326
3.40677300347
3.44811523437
3.47070529514
3.47997070313
3.48982421875
3.49626193576
3.49311631944
3.50236653646
3.51574978299
3.51426866319
3.51999565972
3.53089952257
3.53607421875
3.54756293403
3.5502734375
3.56161675347
3.568046875
3.55909722222
3.55995985243
3.55271592882
3.55982421875
3.58235134549
3.59691948785
3.61240668403
3.63430989583
3.63262803819
3.63435438368
3.64170898438
3.66334092882
3.70352322049
3.73088541667
3.7264702691
3.71540690104
3.71566840278
3.71292643229
3.70319118924
3.71293619792
3.72278971354
3.72061631944
3.72483832465
3.70233940972
3.68641818576
3.67678819444
3.68796549479
3.68855685764
3.69335503472
3.69794053819
3.71023220486
3.72011393229
3.73296440972
3.74096354167
3.74934895833
3.75969292535
3.76221896701
3.76915907118
3.76359592014
3.75717230903
3.74749348958
3.74541015625
3.76417317708
3.7626812066
3.74956163194
3.74270724826
3.71290690104
3.70674479167
3.70518229167
3.70043077257
3.68291124132
3.66164930556
3.65458984375
3.64316840278
3.62844618056
3.61200954861
3.59516493056
3.58737955729
3.57823459201
3.562265625
3.54672309028
3.55177625868
3.56394639757
3.6134516059
3.80061848958
3.97735026042
4.13944661458
4.35851888021
4.3234375
4.44881618924
4.65699435764
4.79810112847
4.85180230035
4.72668511285
4.75113389757
4.75854166667
4.74152669271
4.705390625
4.64412000868
4.58964952257
4.53305338542
4.49
4.44929470486
4.41016818576
4.35992730035
4.32323459201
4.30732096354
4.28512369792
4.25083658854
4.22953016493
4.2132421875
4.19461154514
4.17782552083
4.17274197049
4.17821072049
4.17585503472
4.1608062066
4.13342664931
4.10901692708
4.08627712674
4.08235568576
4.07325195313
4.04467664931
4.03008138021
4.00128689236
3.98834852431
3.9957953559
3.99229492188
3.97645290799
3.96284830729
3.95563151042
3.95083007813
3.94642252604
3.93839192708
3.93111545139
3.92007921007
3.90430338542
3.89644856771
3.88421223958
3.87137586806
3.85892903646
3.83865885417
3.82409179688
3.81174696181
3.77416124132
3.74313476562
3.72914713542
3.70262044271
3.69895833333
3.68408203125
3.67163194444
3.6646484375
3.66202582465
3.65006184896
3.65024414063
3.63855685764
3.62762478299
3.61868272569
3.6134624566
3.61582139757
3.63501627604
3.63378363715
3.61001736111
3.58870225694
3.59077256944
3.58123263889
3.55154622396
3.53418185764
3.53672092014
3.53480794271
3.66095052083
3.67799262153
3.65071072049
3.6494921875
3.63484375
3.61245659722
3.60368272569
3.57966037326
3.56850043403
3.56426974826
3.53266493056
3.52054361979
3.51594184028
3.51478949653
3.50972764757
3.50597005208
3.50487087674
3.50523003472
3.50635742187
3.50683376736
3.50592773438
3.51089409722
3.51574435764
3.51156358507
3.50535373264
3.50689127604
3.49153537326
3.48826497396
3.49892469618
3.50046223958
3.50969943576
3.51921223958
3.51405381944
3.5073296441
3.49081271701
3.47929361979
3.48027560764
3.48759006076
3.49001844618
3.4881000434
3.50453342014
3.50815646701
3.4803266059
3.47976779514
3.48465060764
3.49708658854
3.5099609375
3.51643446181
3.53002387153
3.53385525174
3.52991644965
3.52755099826
3.5167437066
3.5119780816
3.54301432292
3.55581814236
3.56057834201
3.56490234375
3.58069335938
3.58328559028
3.57533962674
3.58350477431
3.56777126736
3.55087890625
3.52346679687
3.51572374132
3.53391818576
3.53691514757
3.53623806424
3.54399414062
3.57147352431
3.58004231771
3.59169813368
3.6016937934
3.59146701389
3.60485568576
3.59289279514
3.6026312934
3.60304904514
3.60611111111
3.60768337674
3.60822265625
3.62057508681
3.61803385417
3.61133246528
3.61224175347
3.61652126736
3.6125640191
3.61652777778
3.61796766493
3.61560112847
3.61581163194
3.60375868056
3.59319878472
3.58174913194
3.57289388021
3.56318033854
3.55680772569
3.54898003472
3.5441655816
3.56470269097
3.55929904514
3.56509006076
3.57101345486
3.56492296007
3.57535915799
3.59133463542
3.60511393229
3.60449327257
3.61086914063
3.64317491319
3.63884331597
3.63675998264
3.62907986111
3.6225922309
3.61581380208
3.61329644097
3.60984917535
3.63106987847
3.63688585069
3.61779405382
3.58847330729
3.57379448785
3.5667328559
3.56538411458
3.55689887153
3.5385546875
3.5228266059
3.53050021701
3.54416124132
3.54203233507
3.54222439236
3.55049804687
3.56250217014
3.55482855903
3.56440755208
3.57000325521
3.56859700521
3.58205512153
3.581953125
3.58225585938
3.58761067708
3.60330729167
3.60651150174
3.60570855035
3.60756727431
3.58789822049
3.57368815104
3.551640625
3.54553602431
3.54472222222
3.54277126736
3.55679144965
3.5537641059
3.52111545139
3.51099826389
3.52711046007
3.52729492187
3.52137369792
3.52362196181
3.51960720486
3.51361545139
3.48710286458
3.46927300347
3.45961697049
3.56088216146
3.55245225694
3.54771375868
3.523984375
3.49904296875
3.49143012153
3.48377821181
3.44655381944
3.42879231771
3.42515190972
3.41472981771
3.42058376736
3.41635959201
3.41561523438
3.40703993056
3.40479166667
3.40492296007
3.39483723958
3.39259548611
3.37557291667
3.38530273438
3.39639756944
3.38948459201
3.39753146701
3.40257052951
3.39851671007
3.39725260417
3.41288736979
3.41905273438
3.41792317708
3.41812934028
3.41044053819
3.41092230903
3.40068359375
3.40324110243
3.39901367188
3.38362413194
3.38579210069
3.37532226563
3.38726671007
3.39296332465
3.38646809896
3.38997178819
3.38291232639
3.38086588542
3.38662977431
3.38254991319
3.39263888889
3.39280381944
3.38510742187
3.3841796875
3.37341471354
3.372265625
3.35462565104
3.35521484375
3.37081054688
3.36864257812
3.35955837674
3.35884006076
3.37069118924
3.37035915799
3.38533311632
3.3834624566
3.36235677083
3.34406901042
3.34272460937
3.33352864583
3.32901041667
3.33083333333
3.30892795139
3.31410698785
3.33022569444
3.33842230903
3.31912760417
3.3261078559
3.32362955729
3.32132595486
3.31961480035
3.31715277778
3.32850477431
3.33918185764
3.33811957465
3.32319444444
3.30920572917
3.30651584201
3.32220594618
3.32547526042
3.3205609809
3.32640407986
3.33771267361
3.32413736979
3.33133897569
3.32928385417
3.30922634549
3.30023111979
3.28184787326
3.27684570313
3.390859375
3.36993055556
3.36303493924
3.37397243924
3.35052517361
3.35116427951
3.35602322049
3.35121636285
3.35346137153
3.37135633681
3.37866970486
3.38400065104
3.40361762153
3.41247287326
3.39125759549
3.39064453125
3.40111219618
3.41507595486
3.44373372396
3.45719509549
3.48260091146
3.49872721354
3.50482421875
3.50666775174
3.49738498264
3.50092881944
3.4884375
3.47211263021
3.46302734375
3.44883029514
3.42939019097
3.41895399306
3.42238932292
3.4206108941
3.43388237847
3.43070746528
3.42549045139
3.42514973958
3.41234917535
3.40792534722
3.43665039063
3.44250868056
3.43645833333
3.43596679688
3.42337239583
3.43132269965
3.42546440972
3.42160264757
3.41801106771
3.42446397569
3.42148871528
3.41876519097
3.41308159722
3.41638671875
3.44056640625
3.42838758681
3.40993055556
3.40561740451
3.39827473958
3.39352105035
3.40652886285
3.40727213542
3.39615017361
3.3935687934
3.40957139757
3.41109157986
3.40819769965
3.41094943576
3.40197374132
3.40453342014
3.38926866319
3.39166124132
3.38480034722
3.37670355903
3.37481336806
3.37198567708
3.37268229167
3.38575412326
3.37886935764
3.38116753472
3.39544921875
3.39146484375
3.38985677083
3.39140516493
3.38778645833
3.39040147569
3.39128472222
3.41069661458
3.5005609809
3.61691623264
3.67082790799
3.70335286458
3.7301953125
3.74755425347
3.7413140191
3.72396592882
3.73797417535
3.7780327691
3.77089952257
3.77744900174
3.79814127604
3.79962782118
3.80308159722
3.80670681424
3.81660698785
3.80124457465
3.80031032986
3.80536132812
3.83057942708
3.84099175347
3.83092881944
3.81875976562
3.79211588542
3.77048502604
3.76548719618
3.77038194444
3.71044162326
3.69653645833
3.67931315104
3.65609700521
3.65204318576
3.64840060764
3.61527777778
3.60312174479
3.58328125
3.56271918403
3.54220269097
3.54308919271
3.56148763021
3.56665581597
3.58037760417
3.60634657118
3.59177517361
3.58818359375
3.60710069444
3.59971354167
3.57876085069
3.58253797743
3.54856228299
3.51940321181
3.50418619792
3.48920789931
3.44438368056
3.42213975694
3.44574869792
3.43555664062
3.42685980903
3.41464735243
3.42325412326
3.41572048611
3.37900282118
3.37184244792
3.38699110243
3.38492296007
3.34888346354
3.33294921875
3.35487304687
3.34188259549
3.3441265191
3.34327582465
3.34686197917
3.34835177951
3.32671440972
3.32818576389
3.3121234809
3.31656792535
3.34640950521
3.34630967882
3.32983615451
3.32662434896
3.33602539063
3.33651475694
3.32934353299
3.32690755208
3.33032226562
3.3344780816
3.34300889757
3.33878363715
3.34296115451
3.34510850694
3.36278537326
3.36488823785
3.35038085938
3.34953342014
3.35440212674
3.35377604167
3.36329101562
3.36863823785
3.35659505208
3.35672743056
3.36256076389
3.37903103299
3.38551432292
3.37682942708
3.3546875
3.35368489583
3.36645073785
3.36626953125
3.37669921875
3.37969401042
3.36735026042
3.36069661458
3.33943576389
3.32097764757
3.32265082465
3.32878363715
3.34221896701
3.34250976563
3.35296657986
3.34432508681
3.31943033854
3.32172526042
3.33176757813
3.33802408854
3.34462131076
3.34801757812
3.35478624132
3.35602105035
3.34371419271
3.33650607639
3.33048936632
3.32028320313
3.30123046875
3.2904296875
3.276640625
3.28227322049
3.29188585069
3.27572591146
3.27373914931
3.26803710938
3.26029405382
3.26571831597
3.27304578993
3.27372938368
3.27113172743
3.27248914931
3.25042426215
3.25807725694
3.25721028646
3.25847330729
3.26404079861
3.26951605903
3.26885850694
3.27472873264
3.28808051215
3.29211371528
3.26680881076
3.25506076389
3.25581597222
3.25771050347
3.25360568576
3.25769965278
3.26515516493
3.27285264757
3.27253038194
3.26694769965
3.27157226563
3.27067491319
3.253125
3.25016493056
3.24524414062
3.24582573785
3.24282118056
3.2449468316
3.23068142361
3.23435329861
3.26148871528
3.25948567708
3.24748914931
3.24591362847
3.24440646701
3.24095486111
3.2461078559
3.24486436632
3.22067491319
3.22353732639
3.23492078993
3.23202799479
3.23707573785
3.24019314236
3.23859592014
3.23957790799
3.23282552083
3.23019965278
3.24746202257
3.24776909722
3.24289496528
3.24784179687
3.26288302951
3.26482638889
3.26135850694
3.25635742188
3.25323893229
3.24566189236
3.24522786458
3.24437065972
3.262734375
3.26419813368
3.25681640625
3.25274956597
3.25841362847
3.25988823785
3.26158094618
3.26261610243
3.27381076389
3.27140190972
3.28417426215
3.28367730035
3.26173719618
3.26247612847
3.26011501736
3.25863715278
3.25945529514
3.26174913194
3.27309353299
3.27828342014
3.26099934896
3.25064778646
3.23790147569
3.24122070313
3.24429578993
3.24476128472
3.22882269965
3.22666015625
3.21023980035
3.21410807292
3.2167328559
3.21200954861
3.22461697049
3.23349934896
3.22180230035
3.22387152778
3.22333224826
3.21590820312
3.21386827257
3.21194227431
3.23916124132
3.24803059896
3.23998806424
3.25242296007
3.26694335938
3.27415147569
3.28559136285
3.28564887153
3.26681315104
3.26539279514
3.26400282118
3.26856228299
3.26954427083
3.27330837674
3.28200412326
3.29064236111
3.29408962674
3.30007486979
3.29982638889
3.30914930556
3.3156391059
3.32440646701
3.30751953125
3.31784505208
3.31579318576
3.32326171875
3.32658528646
3.30806749132
3.30594509549
3.31814127604
3.34425238715
3.33107204861
3.32966905382
3.31416015625
3.28236653646
3.27856770833
3.29247829861
3.29753580729
3.27887478299
